00011997_000.png 0 0 0 0 0 0 0 0 0 0 0 0 0 0
00011997_001.png 0 0 0 0 0 0 0 0 0 0 0 0 0 0
00011997_002.png 0 0 0 0 0 0 0 0 0 0 0 0 0 0
00011997_003.png 0 0 1 0 0 0 0 0 0 0 0 0 0 0
00011997_004.png 0 1 1 1 0 0 0 0 0 0 0 0 0 0
00011997_005.png 0 0 0 0 0 0 0 0 0 0 0 0 0 0
00011997_006.png 0 0 0 0 0 0 0 0 0 0 0 0 0 0
00011997_007.png 0 0 0 0 0 0 0 0 0 0 0 0 0 0
00011997_008.png 0 0 0 1 0 0 0 0 0 0 0 0 0 0
00011997_009.png 0 0 0 0 0 0 0 0 0 0 0 0 0 0
00011997_010.png 0 0 1 0 0 0 0 0 0 0 0 0 0 0
00016168_000.png 0 0 0 0 0 0 0 0 0 0 0 0 0 0
00016168_001.png 0 0 0 1 1 1 0 0 0 0 0 0 0 0
00016168_002.png 0 0 0 0 0 0 0 0 0 0 0 0 0 0
00014303_000.png 1 0 1 0 0 0 0 0 0 0 0 0 0 0
00014303_001.png 0 0 0 1 0 0 0 0 0 0 0 0 0 0
00002928_000.png 0 0 0 0 0 0 0 0 0 0 0 0 0 0
00002928_001.png 0 0 0 0 0 0 0 0 0 0 0 0 0 0
00019491_000.png 0 0 0 1 0 0 0 0 0 0 0 0 0 0
00020621_000.png 0 0 0 0 0 0 0 0 0 0 0 0 0 0
00001306_000.png 0 0 0 0 0 0 0 0 0 0 0 1 0 0
00021742_000.png 0 0 0 1 0 0 0 0 0 0 0 0 0 0
00021742_001.png 0 0 0 0 0 0 0 0 0 0 0 0 0 0
00018266_000.png 0 0 0 0 0 0 0 0 0 0 0 0 0 0
00018266_001.png 0 0 0 0 0 0 0 0 0 0 0 0 0 0
00008120_000.png 0 0 0 0 0 0 0 0 0 0 0 0 0 0
00029392_000.png 0 0 0 0 0 0 0 0 0 0 0 0 0 0
00012743_000.png 0 0 0 0 0 0 0 0 0 0 0 0 0 0
00003548_000.png 0 0 0 0 0 0 0 0 0 0 0 0 0 0
00003548_001.png 0 0 0 0 0 0 0 0 0 0 0 0 0 0
00003548_002.png 0 0 0 0 0 0 0 0 0 0 0 0 0 0
00003548_003.png 1 0 0 0 0 0 0 0 0 0 0 0 0 0
00003548_004.png 1 0 0 0 0 0 0 0 0 0 0 0 0 0
00003548_005.png 0 0 0 0 0 0 0 0 0 0 0 0 0 0
00003548_006.png 0 0 0 0 0 0 0 0 0 0 0 0 0 0
00003548_007.png 0 0 0 0 0 0 0 0 0 0 0 0 0 0
00003548_008.png 0 0 0 0 0 0 0 0 0 0 0 0 0 0
00003548_009.png 0 0 0 0 0 0 0 0 0 0 0 0 0 0
00003548_010.png 1 0 1 0 0 0 0 0 0 1 0 0 0 0
00003548_011.png 1 0 1 0 0 0 0 0 0 1 0 0 0 0
00003548_012.png 0 0 0 0 0 0 0 0 0 0 0 0 0 0
00003548_013.png 0 0 0 0 0 0 0 0 0 0 0 0 0 0
00003548_014.png 0 0 0 0 0 0 0 0 1 0 0 0 0 0
00013538_000.png 0 0 0 0 0 0 0 0 0 0 0 0 0 0
00022573_000.png 0 0 0 1 0 0 0 0 0 0 0 0 0 0
00001215_000.png 0 0 0 0 0 0 0 0 0 0 0 0 0 0
00001215_001.png 0 0 0 0 0 0 0 0 0 0 0 0 0 0
00018268_000.png 0 0 0 0 0 0 0 0 0 0 0 0 0 0
00027630_000.png 0 0 0 0 0 0 0 0 0 0 0 0 0 0
00027630_001.png 0 0 0 0 0 0 0 0 0 0 0 0 0 0
00006822_000.png 1 0 0 0 0 0 1 0 0 0 0 0 0 0
00006822_001.png 0 0 0 0 0 0 0 0 0 0 0 0 0 0
00004531_000.png 0 0 0 0 0 0 0 0 0 0 0 0 0 0
00004531_001.png 0 0 0 0 0 0 0 0 0 0 0 0 0 0
00004531_002.png 0 0 0 0 0 0 0 0 0 0 0 0 0 0
00006484_000.png 0 0 0 0 0 0 0 0 0 0 0 0 0 0
00006484_001.png 0 0 0 0 0 0 0 0 0 0 0 0 0 0
00005621_000.png 1 0 1 0 0 0 0 0 0 0 0 0 0 0
00005621_001.png 1 0 1 0 0 0 0 0 0 0 0 0 0 0
00026103_000.png 0 0 0 0 0 0 0 0 0 0 0 0 0 0
00019427_000.png 0 0 1 1 0 0 0 0 0 0 0 0 0 0
00019427_001.png 0 0 1 0 0 0 0 0 0 0 0 0 0 0
00002463_000.png 0 0 0 0 0 0 0 0 0 0 0 0 0 0
00002463_001.png 0 0 0 0 0 0 0 0 0 0 0 0 0 0
00002463_002.png 0 0 0 0 0 0 0 0 0 0 0 0 0 0
00002463_003.png 0 0 0 0 0 0 0 0 0 0 0 0 0 0
00002463_004.png 0 0 0 0 0 0 0 0 0 0 0 0 0 0
00015281_000.png 0 0 0 0 0 0 0 0 0 0 0 0 0 0
00000225_000.png 0 0 0 0 0 0 0 0 0 0 0 0 0 0
00000225_001.png 0 0 0 0 0 0 0 0 0 0 0 0 0 0
00017062_000.png 0 0 0 1 0 0 0 0 0 0 0 0 0 0
00000281_000.png 0 0 0 0 0 0 0 0 0 0 0 0 0 0
00000281_001.png 0 0 0 0 0 0 0 0 0 0 0 0 0 0
00000281_002.png 0 0 0 0 0 0 0 0 0 0 0 0 0 0
00012191_000.png 0 0 0 0 0 0 0 0 0 0 0 0 0 0
00012191_001.png 0 0 1 0 0 0 0 0 0 0 0 0 0 0
00003614_000.png 0 0 0 0 0 0 0 0 0 0 1 0 0 0
00020265_000.png 0 0 0 0 0 0 0 0 0 0 0 0 0 0
00012932_000.png 0 0 0 0 0 0 0 0 0 0 0 0 0 0
00012932_001.png 0 0 0 0 0 0 0 0 0 0 0 0 0 0
00000969_000.png 0 0 0 0 0 0 0 0 0 0 0 0 0 0
00025091_000.png 0 0 0 1 0 0 0 0 0 0 0 0 0 0
00025091_001.png 0 0 0 0 0 0 0 0 0 0 0 0 0 0
00007954_000.png 0 0 0 0 0 0 0 0 0 0 0 0 0 0
00000402_000.png 0 0 0 0 0 0 0 0 0 0 0 1 0 0
00000402_001.png 0 0 0 1 0 1 0 0 1 0 0 1 0 0
00000402_002.png 0 0 1 1 0 1 0 0 1 0 0 0 0 0
00000402_003.png 0 0 0 0 0 0 0 0 0 0 0 0 0 0
00000402_004.png 0 0 0 1 0 0 0 0 0 0 0 1 0 0
00000402_005.png 0 0 1 0 0 0 0 0 0 0 1 0 1 0
00000402_006.png 0 0 1 1 0 0 0 0 0 0 0 1 0 0
00000402_007.png 0 0 0 0 0 0 0 0 0 0 0 0 0 0
00000402_008.png 0 0 0 0 0 0 0 0 0 0 0 0 0 0
00000402_009.png 0 0 1 0 0 0 0 0 0 0 0 0 0 0
00000402_010.png 0 0 1 0 0 0 0 0 0 0 0 1 0 0
00023286_000.png 0 0 0 0 0 0 0 0 0 0 0 0 0 0
00023286_001.png 0 0 0 0 0 0 0 0 0 0 0 0 0 0
00023286_002.png 0 0 0 0 0 0 0 0 0 0 0 0 0 0
00023286_003.png 1 0 0 0 0 0 0 0 0 0 0 0 0 0
00020904_000.png 0 0 0 0 0 0 0 0 0 0 0 0 0 0
00020904_001.png 0 0 0 1 0 0 0 0 0 0 0 0 0 0
00020904_002.png 0 0 0 1 0 0 0 0 0 0 0 0 0 0
00020904_003.png 0 0 0 0 0 0 0 0 0 0 0 0 0 0
00020904_004.png 0 0 0 1 0 0 0 0 0 0 0 0 0 0
00020904_005.png 0 0 0 0 0 0 0 0 0 0 0 0 0 0
00020904_006.png 0 0 0 0 0 0 0 0 0 0 0 0 0 0
00020904_007.png 0 0 0 0 0 0 0 0 0 0 0 0 0 0
00020904_008.png 0 0 0 0 0 0 0 0 0 0 0 0 0 0
00020904_009.png 0 0 0 0 0 0 0 0 0 0 0 0 0 0
00020904_010.png 0 0 0 1 0 0 0 0 0 0 0 0 0 0
00020904_011.png 0 0 0 1 0 0 0 0 0 0 0 0 0 0
00020904_012.png 0 0 0 0 0 0 0 0 0 0 0 0 0 0
00017943_000.png 0 0 1 0 0 0 0 0 0 0 0 0 0 0
00017943_001.png 0 0 1 0 0 0 0 1 0 0 0 0 0 0
00017943_002.png 0 0 1 0 1 0 0 0 1 0 0 0 0 0
00004261_000.png 0 0 0 0 0 0 0 0 0 0 0 0 0 0
00010151_000.png 0 0 0 0 0 0 0 0 0 0 0 0 0 0
00018469_000.png 0 0 0 0 0 0 0 0 0 0 0 0 0 0
00030774_000.png 0 0 0 0 0 0 0 0 1 0 0 0 0 0
00001756_000.png 0 0 0 0 0 0 0 0 0 0 0 1 0 0
00001756_001.png 1 0 0 1 0 0 0 0 0 0 0 0 0 0
00001756_002.png 0 0 0 0 0 0 0 0 0 0 0 0 0 0
00001756_003.png 0 0 0 0 0 0 0 0 0 0 0 0 0 0
00001756_004.png 0 0 0 0 0 0 0 0 0 0 0 0 0 0
00001756_005.png 0 0 0 0 0 0 0 0 0 0 0 0 0 0
00001756_006.png 0 0 0 0 0 0 0 0 0 0 0 0 0 0
00001756_007.png 0 0 0 0 0 0 0 0 0 0 0 0 0 0
00001756_008.png 0 0 0 0 0 0 0 0 0 0 0 0 0 0
00001756_009.png 0 0 0 0 0 0 0 0 0 0 0 0 0 0
00001756_010.png 0 0 0 0 0 0 0 0 0 0 0 0 0 0
00001756_011.png 0 0 0 0 0 0 0 1 0 0 0 0 0 0
00001756_012.png 0 0 0 0 0 0 0 0 0 0 0 0 0 0
00001756_013.png 0 0 0 0 0 0 0 0 0 0 0 0 0 0
00001756_014.png 0 0 0 0 0 0 0 0 0 0 0 0 0 0
00001756_015.png 0 0 0 0 0 0 0 0 0 0 0 0 0 0
00001756_016.png 0 0 0 0 0 0 0 1 0 0 0 0 0 0
00017581_000.png 0 0 0 0 0 0 0 0 0 0 0 0 0 0
00002416_000.png 0 0 0 0 0 0 0 0 0 0 0 0 1 0
00017280_000.png 0 0 0 0 0 0 0 0 0 0 0 0 0 0
00000179_000.png 0 0 0 0 0 0 0 0 0 0 0 0 0 0
00000179_001.png 0 0 0 1 0 0 0 0 0 0 0 0 0 0
00000179_002.png 1 0 0 1 0 0 0 0 0 0 0 0 0 0
00000179_003.png 0 0 0 1 0 0 0 0 0 0 0 0 0 0
00000179_004.png 0 0 0 1 0 0 0 0 1 0 0 0 0 0
00000179_005.png 0 0 0 1 0 0 0 0 1 0 0 0 0 0
00000179_006.png 1 0 1 0 0 0 0 0 0 0 0 0 0 0
00000179_007.png 0 0 1 0 0 0 0 0 1 0 0 0 0 0
00026998_000.png 0 0 0 1 0 0 0 0 0 0 0 0 0 0
00026998_001.png 0 0 0 0 0 0 0 0 0 0 0 0 0 0
00026998_002.png 0 0 0 1 0 0 0 0 0 0 0 0 0 0
00010581_000.png 0 0 0 0 0 0 0 0 0 0 0 0 0 0
00022721_000.png 0 0 0 0 0 0 0 0 0 0 0 0 0 0
00019803_000.png 0 0 0 0 0 0 0 0 0 0 0 0 0 0
00010834_000.png 0 0 1 0 0 0 0 0 0 0 0 0 0 0
00010834_001.png 0 0 1 0 0 0 0 1 0 0 0 0 0 0
00005586_000.png 0 0 0 0 0 0 0 0 0 0 0 0 0 0
00005586_001.png 0 0 0 0 0 0 0 0 0 0 0 0 0 0
00004142_000.png 0 0 0 0 0 0 0 0 0 0 0 0 0 0
00020702_000.png 0 0 0 1 0 1 0 0 0 0 0 0 0 0
00020702_001.png 0 0 0 0 0 1 0 0 0 0 0 0 0 0
00020702_002.png 0 0 1 1 0 0 0 0 0 0 0 0 0 0
00020702_003.png 0 0 0 0 0 0 0 0 0 0 0 0 0 0
00020702_004.png 0 0 1 0 0 0 0 0 0 0 0 0 0 0
00020702_005.png 0 0 1 0 0 0 0 0 0 0 0 0 0 0
00020702_006.png 0 0 0 0 0 0 0 0 0 0 0 0 0 0
00020702_007.png 0 0 0 0 0 0 0 0 0 0 0 0 0 0
00020702_008.png 0 0 0 0 0 0 0 0 0 0 0 0 0 0
00020702_009.png 0 0 1 1 0 0 0 0 0 0 0 0 0 0
00020702_010.png 0 0 0 0 0 0 0 0 0 0 0 0 0 0
00020702_011.png 0 0 0 0 0 0 0 0 0 0 0 0 0 0
00012110_000.png 0 0 0 0 0 0 0 0 0 0 0 0 0 0
00008644_000.png 0 0 0 0 0 0 0 0 0 0 0 0 0 0
00008588_000.png 0 0 0 0 0 0 0 0 0 0 0 0 0 0
00016254_000.png 0 0 0 0 0 0 0 0 0 0 0 0 0 0
00018567_000.png 0 0 0 0 0 0 0 0 0 0 0 0 0 0
00018907_000.png 0 0 0 0 0 0 0 0 0 0 0 0 0 0
00011426_000.png 0 0 0 0 0 0 0 0 0 0 0 0 0 0
00011426_001.png 0 0 0 0 0 0 0 0 0 0 0 0 0 0
00018855_000.png 0 0 0 0 0 0 0 0 0 0 0 0 0 0
00018855_001.png 0 0 0 0 0 0 0 0 0 0 0 0 0 0
00018855_002.png 0 1 1 0 0 0 0 0 0 0 0 0 0 0
00013326_000.png 0 0 0 0 0 0 0 0 0 0 0 0 0 0
00007833_000.png 0 1 1 1 0 0 0 0 0 1 0 0 0 0
00007833_001.png 0 0 1 0 0 0 0 0 1 0 0 0 0 0
00007833_002.png 0 0 1 0 0 0 0 0 0 0 0 0 0 0
00007833_003.png 0 1 1 0 0 0 0 0 0 0 0 0 0 0
00016908_000.png 0 0 0 0 0 0 0 0 0 0 0 0 0 0
00016908_001.png 0 0 0 0 0 0 0 0 0 0 0 0 0 0
00027976_000.png 0 1 1 0 0 0 0 0 0 0 0 0 0 0
00014997_000.png 0 0 0 0 0 0 0 0 0 0 0 0 0 0
00003675_000.png 0 0 0 0 0 0 0 0 0 0 0 1 0 0
00003675_001.png 0 0 0 0 0 0 0 0 0 0 0 1 0 0
00003675_002.png 0 0 0 0 0 0 0 0 0 0 1 1 0 0
00009350_000.png 0 0 0 0 0 0 0 0 0 0 0 0 0 0
00009350_001.png 0 0 0 0 0 0 0 0 0 0 0 0 0 0
00009350_002.png 0 0 0 0 0 0 0 0 0 0 0 0 0 0
00009350_003.png 0 0 0 0 0 0 0 0 0 0 0 0 0 0
00009350_004.png 0 0 0 0 0 0 0 1 0 0 0 0 0 0
00009350_005.png 0 0 0 1 0 0 0 0 0 0 0 0 0 0
00009350_006.png 0 0 0 0 0 0 0 0 0 0 0 0 0 0
00009350_007.png 0 0 0 0 0 0 0 0 0 0 0 0 0 0
00018107_000.png 0 0 0 0 0 1 0 0 0 0 0 0 0 0
00014650_000.png 0 0 0 0 0 0 0 0 0 0 0 0 0 0
00014650_001.png 1 1 1 0 0 0 0 0 0 0 0 0 0 0
00020380_000.png 0 0 0 0 0 0 0 0 0 0 0 0 0 0
00020380_001.png 1 0 0 0 0 0 0 0 0 0 0 0 0 0
00020380_002.png 0 0 0 0 0 0 0 0 0 0 0 0 0 0
00015824_000.png 0 0 0 0 0 0 0 0 0 0 0 0 0 0
00029541_000.png 0 0 0 1 0 0 0 0 0 0 0 0 0 0
00004771_000.png 0 0 0 0 0 0 0 0 0 0 0 0 0 0
00010250_000.png 0 0 0 0 0 0 0 0 0 0 0 0 0 0
00015435_000.png 0 0 0 0 0 0 0 0 0 0 0 0 0 0
00015435_001.png 0 0 0 0 0 0 0 0 0 0 0 0 0 0
00004427_000.png 0 0 0 0 0 0 0 0 0 0 0 0 0 0
00004427_001.png 0 0 0 0 0 0 0 0 0 0 0 0 0 0
00004427_002.png 0 0 0 0 0 0 0 0 0 0 0 0 0 0
00023960_000.png 0 0 0 0 0 0 0 0 0 0 0 0 0 0
00023960_001.png 0 0 0 0 0 0 0 0 0 0 0 0 0 0
00023960_002.png 0 0 0 0 0 0 0 0 0 0 0 0 0 0
00011722_000.png 0 0 0 0 0 0 0 0 0 0 0 0 0 0
00007282_000.png 0 0 0 0 0 0 0 0 0 0 0 0 0 0
00008179_000.png 0 0 0 0 0 0 0 0 0 0 0 0 0 0
00030125_000.png 0 0 0 0 0 0 0 0 0 0 0 0 0 0
00006544_000.png 0 0 0 0 0 0 0 0 0 0 0 0 0 0
00007551_000.png 0 0 0 1 0 0 0 0 0 0 0 0 0 0
00007551_001.png 0 0 0 0 0 0 0 0 0 0 0 0 0 0
00007551_002.png 0 0 0 0 0 0 0 0 0 0 0 0 0 0
00007551_003.png 0 0 0 0 0 0 0 0 0 0 0 0 0 0
00007551_004.png 0 0 0 0 0 0 0 0 0 0 0 0 0 0
00007551_005.png 1 0 0 1 0 0 0 0 0 0 0 0 0 0
00007551_006.png 0 1 0 1 0 0 0 0 0 0 0 0 0 0
00007551_007.png 0 0 0 0 0 0 0 0 0 0 0 0 0 0
00007551_008.png 0 0 0 0 0 0 0 0 0 0 0 0 0 0
00007551_009.png 0 0 0 0 0 0 0 0 0 0 0 0 0 0
00007551_010.png 0 0 0 0 0 0 0 0 0 0 0 0 0 0
00007551_011.png 0 0 0 0 0 0 0 0 0 0 0 0 0 0
00007551_012.png 0 0 0 0 0 0 0 0 0 0 0 0 0 0
00007551_013.png 0 0 0 0 0 0 0 0 0 0 0 0 0 0
00007551_014.png 0 0 0 0 0 0 0 0 0 0 0 0 0 0
00007551_015.png 0 1 0 0 0 0 0 0 0 0 0 0 0 0
00007551_016.png 0 1 0 0 0 0 0 0 0 0 0 0 0 0
00007551_017.png 0 0 0 1 0 0 0 0 0 0 0 0 0 0
00007551_018.png 0 1 0 0 0 0 0 0 0 0 0 0 0 0
00007551_019.png 0 0 0 0 0 0 0 0 0 0 0 0 0 0
00007551_020.png 0 1 0 0 0 0 0 0 0 0 0 0 0 0
00007551_021.png 0 1 0 0 0 0 0 0 0 0 0 0 0 0
00000726_000.png 0 0 0 0 0 0 0 0 0 0 0 0 0 0
00028926_000.png 0 0 0 0 0 0 0 0 0 0 0 0 0 0
00028926_001.png 0 0 0 0 0 0 0 0 0 0 0 0 0 0
00018999_000.png 0 0 0 0 1 0 0 0 0 0 1 0 0 0
00018999_001.png 0 0 0 0 1 0 0 0 0 0 1 1 0 1
00018999_002.png 0 0 0 0 0 0 0 0 0 0 1 0 0 0
00027697_000.png 0 0 0 0 1 0 0 0 0 0 0 0 0 0
00027697_001.png 1 0 0 0 1 0 0 0 0 0 0 0 0 0
00027697_002.png 0 0 1 0 1 0 0 0 1 0 0 0 0 0
00027697_003.png 0 0 1 1 0 0 0 0 0 0 0 0 0 0
00027697_004.png 0 0 0 0 0 0 0 1 0 0 0 0 0 0
00027697_005.png 0 0 0 0 0 0 0 1 0 0 0 0 0 0
00027697_006.png 0 0 0 0 0 0 0 1 0 0 0 0 0 0
00027697_007.png 0 0 1 0 0 0 0 1 0 0 0 0 0 0
00027697_008.png 0 0 0 0 0 0 0 1 0 0 0 0 0 0
00027697_009.png 0 0 0 0 0 0 0 0 0 0 0 0 0 0
00027697_010.png 0 0 1 0 0 0 0 1 0 0 0 0 0 0
00027697_011.png 0 0 1 0 0 0 0 1 0 0 0 0 0 0
00027697_012.png 0 0 1 0 0 0 0 0 0 0 0 0 0 0
00027697_013.png 0 0 1 0 0 0 0 0 0 0 0 0 0 0
00027697_014.png 0 0 0 0 0 0 0 0 0 0 0 0 0 0
00027697_015.png 1 0 1 0 0 0 0 0 0 0 0 0 0 0
00026039_000.png 0 0 0 1 0 0 0 0 0 0 0 0 0 0
00003449_000.png 0 0 0 0 0 0 0 0 1 0 0 0 0 0
00020036_000.png 0 0 0 0 0 0 0 0 0 0 0 0 0 0
00020036_001.png 0 0 0 0 0 0 0 0 0 0 0 0 0 0
00016956_000.png 0 0 0 0 0 0 0 0 0 0 0 0 0 0
00016956_001.png 0 0 0 0 0 0 0 0 0 0 0 0 0 0
00016956_002.png 0 0 0 0 0 0 0 0 0 0 0 0 0 0
00029826_000.png 0 0 0 0 0 0 0 0 0 0 1 0 0 0
00026344_000.png 0 0 0 0 0 0 0 0 0 0 0 0 0 0
00020046_000.png 0 0 0 0 0 1 0 0 0 0 0 0 1 0
00020046_001.png 0 0 0 0 0 0 0 0 0 0 0 0 0 0
00020046_002.png 0 0 0 0 0 0 0 0 0 0 0 0 0 0
00020046_003.png 0 0 0 0 0 0 0 0 0 0 0 0 0 0
00020046_004.png 0 0 0 0 0 1 0 0 0 0 0 0 0 0
00020046_005.png 1 1 1 0 1 0 0 0 0 0 0 0 0 0
00020046_006.png 0 0 0 0 1 1 0 0 0 0 0 0 0 0
00020046_007.png 0 0 0 0 0 0 0 0 0 0 0 0 0 0
00020046_008.png 1 0 0 0 0 0 0 0 0 0 0 0 0 0
00020046_009.png 0 0 0 0 0 1 0 0 0 0 0 0 0 0
00029151_000.png 0 0 0 1 0 0 0 0 0 0 0 0 0 0
00015422_000.png 0 0 0 0 0 0 0 0 0 0 0 0 0 0
00001511_000.png 1 0 0 0 0 0 1 0 0 0 0 0 0 0
00001511_001.png 0 0 0 0 0 0 0 0 0 0 0 0 0 0
00001511_002.png 0 0 1 1 0 0 0 0 0 0 0 0 0 0
00002702_000.png 0 0 0 0 1 0 0 0 0 0 0 0 0 0
00002702_001.png 0 0 0 0 0 0 0 0 0 0 0 0 0 0
00002702_002.png 0 0 0 0 1 0 0 0 0 0 1 0 0 0
00002702_003.png 0 0 0 0 0 0 0 0 0 0 1 0 0 0
00002702_004.png 0 0 0 0 0 0 0 0 0 0 0 0 0 0
00002702_005.png 0 0 0 1 0 0 0 0 0 0 1 0 0 0
00002702_006.png 0 0 0 1 0 0 0 0 0 0 0 0 0 0
00002702_007.png 0 0 0 0 1 0 0 0 0 0 1 0 0 0
00002702_008.png 0 0 0 0 1 0 0 0 0 0 1 0 0 0
00002702_009.png 0 0 0 0 1 0 0 1 0 0 1 0 0 0
00002702_010.png 0 0 0 0 0 0 0 0 0 0 0 0 0 0
00002702_011.png 0 0 1 0 0 0 0 1 0 0 1 0 0 0
00002702_012.png 0 0 0 0 1 0 0 1 0 0 1 0 0 0
00002702_013.png 0 0 0 1 0 0 0 0 0 0 0 1 0 0
00002702_014.png 0 0 0 0 1 0 0 1 0 0 1 0 0 0
00016309_000.png 0 0 0 1 0 0 0 0 0 0 0 0 0 0
00016309_001.png 1 0 0 0 0 0 0 0 0 0 0 0 0 0
00016309_002.png 0 0 0 0 0 0 0 0 0 0 0 0 0 0
00016309_003.png 1 0 0 0 0 0 0 0 0 0 0 0 0 0
00005820_000.png 0 0 0 0 0 0 0 0 0 0 0 0 0 0
00001205_000.png 0 0 0 1 0 0 0 0 0 0 0 0 0 0
00001205_001.png 0 0 0 0 0 0 0 0 0 0 0 0 0 0
00001205_002.png 0 0 0 1 0 0 0 0 0 0 0 0 0 1
00001205_003.png 0 0 0 0 0 0 0 0 0 0 0 0 0 1
00001205_004.png 0 0 0 0 0 0 0 0 0 0 0 0 0 0
00001205_005.png 0 0 0 0 0 0 0 0 0 0 0 0 0 0
00001205_006.png 0 0 0 0 0 0 0 0 0 0 0 0 0 0
00001205_007.png 0 0 0 1 0 0 0 0 0 0 0 0 0 0
